0600003550301967676000000000000108506620250408
0600004290109300004950000000000191720020250408
0600004444107001966000000000000105550420250408
0600005238106100090720000000000074378720250408
0600005396123000006990000000000090799520250408
0600005398121000293370000000000219920020250408
0600005735121000339830000000000113155820250408
0600006235101007901870000000000719346620250408
0600006368118000723000000000000041040420250408
0600006692104200191270000000000068633620250408
0600006937124004711470000000000005669220250408
0600006940109003171910000000000095948420250408
0600007008101008157290000000000077020620250408
0600007070125000004110000000000102277320250408
0600007073107300005890000000000037379220250408
0600007086125000028880000000000090146920250408
0600007199125003278060000000000132511920250408
0600007204124005026340000000000206995020250408
0600007207116306189130000000000662766720250408
0600007223101007523870000000000627632020250408
0600007238101102108870000000000650387320250408
0600007367123000600080000000000139197020250408
0600007393101008277910000000000078535120250408
0600007412102002791740000000000052044020250408
0600007450111100321200000000000560527720250408
0600007452116008091750000000000118791920250408
0600007472103004004510000000000108378320250408
0600007541103103533200000000000838844220250408
0600007542101502636850000000000784810620250408
0600007679124000172970000000000159981420250408
0600007682115100517450000000000290237120250408
0600007838111005356980000000000037564120250408
0600007905121000958400000000000121666220250408
0600008089124002239550000000000249567820250408
0600008153124002794330000000000654350520250408
0600008203106002331940000000000066060620250408
0600008232112008161970000000000124632820250408
0600008235105101552300000000000116342920250408
0600008248125000452850000000000089810020250408
0600008379103103711530000000000098455720250408
0600008435110002922870000000000596547820250408
0600008441101701783010000000000871699120250408
0600008442115100024930000000000622855920250408
0600008481124003577530000000000107974920250408
0600008957124002121990000000000076802720250408
0600008959124005084340000000000042906420250408
0600008988124005108590000000000482376820250408
0600009057124005146190000000000175545020250408
0600009069118001245910000000000077856120250408
0600009167103005744000000000000160404320250408
0600009198125001188240000000000871592620250408
0600009213124005215500000000000121048620250408
0600009263135200254090000000000091540720250408
0600009282106002706070000000000142331220250408
0600009315124005388570000000000130507020250408
0600009319124005370100000000000114424120250408
0600009473116003290240000000000056427620250408
0600009526101016004250000000000061171620250408
0600009549101016006580000000000065446220250408
0600009730124006025500000000000136591620250408
0600009741114100115810000000000084048720250408
0600009763125001638660000000000042971920250408
0600009766124006121000000000000825234920250408
0600009767102005660650000000000623251420250408
0600009784124600218690000000000112501520250408
0600009787124006162740000000000070427020250408
0600009814115200488390000000000724295420250408
0600009906112400135340000000000088464520250408
0600009909101008191100000000000125232720250408
0600010030124006951140000000000151030120250408
0600010035124006922690000000000125475820250408
0600010037124006949240000000000087157420250408
0600010078116201734740000000000173778320250408
0600010082106003003730000000000092887620250408
0600010099124006974000000000000146761620250408
0600010106124007120420000000000045382020250408
0600010136101302956240000000000083621220250408
0600010226111300413440000000000322428920250408
0600010248124007323230000000000273899320250408
0600010272124007323360000000000429107220250408
0600010383124007384660000000000146710420250408
0600010385132000067450000000000184785720250408
0600010402124007368950000000000203820020250408
0600010417129000169710000000000044103420250408
0600010460112010700710000000000060155120250408
0600010465112010702590000000000083627120250408
0600010561123003279030000000000115693520250408
0600010564107008783550000000000835940020250408
0600010612102002891800000000000233641920250408
0600010650601024943710000000000881416220250408
0600010726111009203420000000000180720020250408
0600010730124006117740000000000057278820250408
0600010795124007635380000000000081132620250408
0600011072124007836570000000000066592320250408
0600011271102302038520000000000098765620250408
0600011277125500339700000000000163838320250408
0600011281125300429320000000000121832820250408
0600011338121003514160000000000140750520250408
0600011340104007188840000000000169095020250408
0600011342121003749690000000000043352520250408
0600011344119004179360000000000071630420250408
0600011345119004179230000000000044133820250408
0600011346104007177200000000000161732820250408
0600011349125002823360000000000138876420250408
0600011413110005629040000000000070450220250408
0600011476124007953730000000000147615520250408
0600011486102302265250000000000055253420250408
0600011511124007980370000000000594862420250408
0600011536124007692730000000000525201920250408
0600011553102302293280000000000088043820250408
0600011555124007978470000000000411831620250408
0600011577124007993950000000000095738620250408
0600011586104007341720000000000099702020250408
0600011632111009716630000000000392303220250408
0600011759124008055770000000000023260520250408
0600011790132000450230000000000080648520250408
0600011817112011977050000000000089993820250408
0600011850124008100540000000000036604120250408
0600011851124008110240000000000084657920250408
0600011854124008103260000000000039347820250408
0600011940124008014320000000000057219620250408
0600012084102301523140000000000170007020250408
0600012117126000766650000000000073628320250408
0600012128124008365620000000000082423520250408
0600012252158000001230000000000080991020250408
0600012277124008474090000000000276622720250408
0600012293111010243600000000000106061720250408
0600012338124008476450000000000290906420250408
0600012378124008629210000000000171395020250408
0600012379124008629500000000000099238920250408
0600012396124008645630000000000482129120250408
0600012416125002849650000000000410878520250408
0600012535114005202630000000000039239920250408
0600012581124009203680000000000178670020250408
0600012590124101265150000000000126891520250408
0600012604159000004820000000000406886520250408
0600012643124008213440000000000172895020250408
0600012988124010582840000000000046075220250408
0600012992158000735160000000000097710420250408
0600012997103003933930000000000318505620250408
0600013021101302374040000000000055281820250408
0600013052111008850890000000000113597920250408
0600013054101010753350000000000472888420250408
0600013059124002227940000000000139750020250408
0600013070123002975700000000000057979820250408
0600013079124900301480000000000115676820250408
0600013085124005774940000000000418624620250408
0600013086111009591770000000000128514320250408
0600013121111009605770000000000093316120250408
0600013131124008040440000000000133206920250408
0600013177127000274940000000000043412520250408
0600013202104008644820000000000091604420250408
0600013268103009211760000000000107742920250408
0600013305124012042030000000000053197820250408
0600013318101303722590000000000123573020250408
0600013375101013365820000000000035964420250408
0600013443112014030620000000000052870320250408
0600013446124012221200000000000278827020250408
0600013449103009587410000000000278567220250408
0600013451102004002600000000000368884520250408
0600013452124012093340000000000209695720250408
0600013462124012269800000000000086968420250408
0600013670179000045560000000000122003120250408
0600013756125004429270000000000177420020250408
0600013821124300581170000000000103554120250408
0600014031124012848540000000000038755920250408
0600014033124012848410000000000129764920250408
0600014035101016065130000000000217793920250408
0600014045124008006110000000000153620020250408
0600014051124012544990000000000112840620250408
0600014083124012851700000000000117403220250408
0600014159124013084130000000000130711720250408
0600014161104009397600000000000083600720250408
0600014187107008027290000000000101655720250408
0600014195125004686260000000000098799820250408
0600014216165000206400000000000255329820250408
0600014221125004686420000000000100232320250408
0600014262124013211280000000000156127020250408
0600014267104201670530000000000484582520250408
0600014306112015426350000000000109792020250408
0600014308125001169230000000000092575020250408
0600014309110102427160000000000087050320250408
0600014553112016120440000000000110987820250408
0600014626124013685760000000000122254720250408
0600014629104400800200000000000101483920250408
0600014634124013685630000000000096473920250408
0600014673119006236070000000000093903720250408
0600014676124500676160000000000152620020250408
0600014684124009196540000000000046428420250408
0600014686124013821250000000000122058820250408
0600014696124012222720000000000146477720250408
0600014702121005010880000000000084561820250408
0600014812158001483020000000000282998020250408
0600014813124014423400000000000329766820250408
0600014820158001487130000000000096480520250408
0600014990112016916830000000000474078220250408
0600014997124014779620000000000458067420250408
0600015010124010242050000000000454128220250408
0600015012104009914070000000000460385620250408
0600015016124014910450000000000483807520250408
0600015081124015049900000000000092221620250408
0600015094113101648100000000000053631620250408
0600015103124015227780000000000172957120250408
0600015128101303677430000000000061111620250408
0600015133124015316170000000000124716820250408
0600015141124015318080000000000091949320250408
0600015144124015235150000000000177670020250408
0600015145124015316750000000000120866920250408
0600015174167000604060000000000049581720250408
0600015321121300603410000000000070664220250408
0600015343124015921350000000000047754020250408
0600015459153000439440000000000241700720250408
0600015464123202645320000000000230939120250408
0600015594152001079580000000000050291020250408
0600015596101504412030000000000086637920250408
0600015597104501630570000000000156852420250408
0600015599112017969150000000000109001820250408
0600015632132000040640000000000299425720250408
0600015670196003581930000000000107671820250408
0600015720108012045170000000000125861220250408
0600015765107101386260000000000088387820250408
0600015849172000251400000000000089308420250408
0600016008124101898950000000000343119520250408
0600016010123301297290000000000288655020250408
0600016022112018668740000000000277889020250408
0600016038112018686940000000000044016920250408
0600016054124019689470000000000099896820250408
0600016064111202159050000000000084074120250408
0600016067165001096420000000000084106220250408
0600016077103011210430000000000098500320250408
0600016087165000188270000000000031470220250408
0600016110123204071110000000000102179320250408
0600016120101010997930000000000075668720250408
0600016124102303286560000000000218652220250408
0600016148128002176150000000000408405220250408
0600016173166000190170000000000108291320250408
0600016318121300913940000000000133972720250408
0600016319113005679120000000000107208620250408
0600016324104011330570000000000075746820250408
0600016443116304210580000000000121425920250408
0600016453158002641470000000000116658920250408
0600016494107300365950000000000163708220250408
0600016517124021579510000000000111692920250408
0600016520124201084070000000000169208220250408
0600016585124021684900000000000250202420250408
0600016654101304222480000000000252960320250408
0600016735124021512740000000000124659620250408
0600016738181000033790000000000177920020250408
0600016740124022804040000000000079854220250408
0600016741124405542970000000000177420020250408
0600016746124022804880000000000172870020250408
0600016747123005714320000000000069866420250408
0600016748124022855640000000000047159620250408
0600016755181000033660000000000031791020250408
0600016758112020492470000000000118987720250408
0600016762121301349890000000000047619320250408
0600016811125101085330000000000102481420250408
0600016823171000416030000000000166633920250408
0600016874124501344680000000000111820720250408
0600016950181000053770000000000104145520250408
0600017002112021146220000000000103255420250408
0600017185124102091990000000000148789120250408
0600017194113005240230000000000095608320250408
0600017202126001232170000000000062016620250408
0600017352124702470410000000000270964220250408
0600017371115007769490000000000096122820250408
0600017377125400129330000000000087567420250408
0600017388124101336180000000000116683120250408
0600017392107400932530000000000086631920250408
0600017420124405990160000000000083491120250408
0600017486159000686990000000000067932920250408
0600017487109011681610000000000033843220250408
0600017488125100722900000000000048218120250408
0600017502102312143580000000000081138720250408
0600017508132003338610000000000114579920250408
0600017534167001042360000000000172245020250408
0600017556138000858630000000000113514420250408
0600017559107007951790000000000107688820250408
0600017573112021675850000000000054986920250408
0600017645112021716650000000000051471620250408
0600017725115400866710000000000131570320250408
0600017727124019532950000000000172220020250408
0600017740124000480200000000000195765120250408
0600017900112021883570000000000329116420250408
0600018109158000369770000000000112659420250408
0600018146124503294190000000000149231920250408
0600018161121007929940000000000363281220250408
0600018163124902618650000000000082788320250408
0600018165110008168830000000000086409820250408
0600018219111015522300000000000257210820250408
0600018228111015518590000000000220614220250408
0600018247111301677940000000000245674720250408
0600018251124024564580000000000307294520250408
0600018341158000999010000000000261947420250408
0600018423158000241540000000000081395020250408
0600019528101113840000000000001076770020250408
0600021476116901064830000000000089389420250408
0600021480158003660900000000000108082620250408
0600021481112022396750000000000066066520250408
0600021482139000673150000000000104392520250408
0600021484101605706240000000000028952720250408
0600021492104011212180000000000336331620250408
0600021493104400574510000000000032724320250408
0600021497101106535960000000000230112520250408
0600021498158000969330000000000263065020250408
0600021500103019660330000000000146545020250408
0600021501116306604660000000000054718020250408
0600021502124034306800000000000216815620250408
0600021505103019721080000000000316962420250408
0600021510104013098490000000000107554620250408
0600021512124022459310000000000101131520250408
0600021514101021733750000000000052035220250408
0600021516191000025740000000000037508020250408
0600021528109012755880000000000036330420250408
0600021530102009547320000000000068172720250408
0600021531103019414980000000000038773720250408
0600021538124026614210000000000117198020250408
0600021540124503315040000000000037046320250408
0600021544124801490420000000000075730120250408
0600021547107300445160000000000057932920250408
0600021548112601599480000000000051841220250408
0600021554158004843090000000000103809520250408
0600021556124502948320000000000053284420250408
0600021566120006647890000000000117053520250408
0600021570103010251100000000000200957820250408
0600021572158000715180000000000050497220250408
0600021574107201861860000000000102129620250408
0600021581123202553470000000000076606920250408
0600021584158005188220000000000074760520250408
0600021585101505086540000000000014568220250408
0600021589112022396910000000000105350620250408
0600021593103019679480000000000139870020250408
0600021595128003210640000000000090804920250408
0600021596104400593360000000000199585920250408
0600021599128001454440000000000138870020250408
0600021601112022457370000000000139870020250408
0600021603124027291980000000000081878420250408
0600021606124000514020000000000244432220250408
0600021608128001808940000000000117791620250408
0600021609123204072050000000000124462420250408
0600021611125500985750000000000064164720250408
0600021612158003274110000000000097042720250408
0600021613110009271830000000000038440220250408
0600021615109012569760000000000048632520250408
0600021617106103268360000000000085010620250408
0600021621112203971370000000000074652320250408
0600021623103019385530000000000037778720250408
0600021624124025527760000000000134158720250408
0600021625123201705450000000000078204720250408
0600021627101106687430000000000007344220250408
0600021628124501093540000000000594994620250408
0600021629123006030700000000000252940020250408
0600021631124010233610000000000085947420250408
0600021633132003496350000000000052645120250408
0600021634126900022280000000000042549620250408
0600021641185000089050000000000109574320250408
0600021642103107136690000000000079762820250408
0600021644103019617080000000000164621620250408
0600021645128000195540000000000228819320250408
0600021648136000096580000000000370599920250408
0600021652169001042810000000000110331120250408
0600021654101605811500000000000119946820250408
0600021655139002847740000000000263065020250408
0600021659123207070860000000000066822220250408
0600021663126600131490000000000041900320250408
0600021664185000150110000000000139870020250408
0600021671112023217580000000000235294920250408
0600021672105103719330000000000139620020250408
0600021679112018080810000000000273575520250408
0600021681124033723240000000000084255020250408
0600021682112023205840000000000044305520250408
0600021684106004559560000000000251827420250408
0600021686116701391910000000000113781620250408
0600021687103019679770000000000220791920250408
0600021688124033313520000000000104977020250408
0600021691121009454080000000000167747620250408
0600021692124010013120000000000243619920250408
0600021694101507192490000000000116284620250408
0600021701123203491300000000000221440020250408
0600021702196034475390000000000162431420250408
0600021712123201484090000000000124785320250408
0600021714128002880130000000000291840020250408
0600021719124019978790000000000036076520250408
0600021726133600045720000000000106330620250408
0600021727164001651100000000000045551820250408
0600021730123006049010000000000136503820250408
0600021731101011150750000000000180020020250408
0600021734124034746040000000000267244720250408
0600021735116800301350000000000035957420250408
0600021736106006443270000000000234341820250408
0600021738124801213610000000000119139520250408
0600021743124035109530000000000033932120250408
0600021747103019097860000000000066456520250408
0600021748124902843470000000000043331020250408
0600021750124034316470000000000179490020250408
0600021755112023217450000000000222956620250408
0600021759103019665250000000000111590220250408
0600021761101605777110000000000097779420250408
0600021767124009506390000000000139870020250408
0600021768139000504290000000000054800420250408
0600021771183001751840000000000088226520250408
0600021772158003583670000000000053704820250408
0600021773116205822980000000000318526120250408
0600021774133600029430000000000139870020250408
0600021777124010208850000000000222164520250408
0600021778124010134070000000000296496620250408
0600021785123205044380000000000091010520250408
0600021790124036211300000000000044184720250408
0600021791129700026130000000000089706120250408
0600021792158000678490000000000070651720250408
0600021793117007629240000000000051959720250408
0600021794185000036250000000000054891920250408
0600021798196033984370000000000123506820250408
0600021800135002205920000000000074132320250408
0600021803101114628670000000000340686420250408
0600021804165001509050000000000120322720250408
0600021806123207062490000000000268260920250408
0600021814126004820130000000000047846420250408
0600021815108010057900000000000363597520250408
0600021820123204431040000000000061823020250408
0600021824112024682680000000000256520320250408
0600021831109400763190000000000071323520250408
0600021835109103441190000000000259404120250408
0600021838103019939670000000000034816520250408
0600021842124013678100000000000138870020250408
0600021843116901121500000000000296057420250408
0600021846126900120980000000000075380320250408
0600021849103019976590000000000304284620250408
0600021854124406621340000000000279697520250408
0600021856109007537710000000000198924420250408
0600021857107011632500000000000070269320250408
0600021858112401679850000000000314322620250408
0600021861135200006860000000000064633520250408
0600021863101507406740000000000171967220250408
0600021865101304506340000000000085213920250408
0600021868124503325900000000000000000020250408
0600021869101108360120000000000139870020250408
0600021872135200007090000000000113088620250408
0600021997135200015620000000000035317320250408
0600022000187000344580000000000037218820250408
0600022001124010019300000000000113859420250408
0600022002123205094040000000000155794420250408
0600022003116206677990000000000049183220250408
0600022004158004925080000000000042662820250408
0600022007138001182640000000000087258320250408
0600022011158005038400000000000081894820250408
0600022012158005036910000000000069682920250408
0600022013134600075950000000000084914720250408
0600022075124031929730000000000084771720250408
0600022083116205691300000000000062192520250408
0600022087128004947970000000000049908820250408
0600022140108103912140000000000081028420250408
0600022206135200040350000000000089974320250408
0600022208158000152440000000000081497420250408
0600022217101504155720000000000066166220250408
0600022329128001889510000000000143545020250408
0600022332103304880620000000000102616820250408
0600022336128000139740000000000038929020250408
0600022374128005024140000000000107086120250408
0600022376126500085810000000000085469920250408
0600022378116701158720000000000087656120250408
0600022379136002029630000000000146545020250408
0600022381112012844690000000000119857920250408
0600022430196035485350000000000245795020250408
0600022433124031275950000000000101210720250408
0600022435101507260830000000000108115220250408
0600022439102103847390000000000091288620250408
0600022446160001019380000000000052480320250408
0600022448124009671690000000000146545020250408
0600022452112024315540000000000145545020250408
0600022463101316506110000000000092852520250408
0600022466108010035850000000000084944820250408
0600022468124201473900000000000146545020250408
0600022469133700228420000000000146545020250408
0600022470189000365080000000000106873120250408
0600022475103020665890000000000046317820250408
0600022477180001294990000000000106411520250408
0600022478103020662880000000000058842020250408
0600022488101106749570000000000134829320250408
0600022542135200079640000000000139620020250408
0600022557116701378470000000000195315920250408
0600022558101016581760000000000164754820250408
0600022567160001036770000000000200186720250408
0600022569139003221990000000000206258820250408
0600022570158004197980000000000146146820250408
0600022580120103033670000000000203486220250408
0600022583101202202590000000000246027820250408
0600022585116901198100000000000206397020250408
0600022625105012955000000000000231912920250408
0600022630135200084840000000000136648020250408
0600022632105011637390000000000191698320250408
0600022646135200087300000000000155946720250408
0600022648121004659330000000000370971320250408
0600022649103302153030000000000194036320250408
0600022667129900049960000000000181442320250408
0600022669130700076180000000000169580620250408
0600022710112204436540000000000060206120250408
0600022711112601963250000000000071929720250408
0600022716196009867140000000000139120020250408
0600022717124801736360000000000108448120250408
0600022718117007928970000000000042374020250408
0600022719125501665880000000000108432320250408
0600022720132200094250000000000074390420250408
0600022761105013039390000000000424765520250408
0600022762117007950300000000000243340820250408
0600022764126600527020000000000131221320250408
0600022768174001302420000000000309068720250408
0600022776183000085810000000000278549820250408
0600022780102312978250000000000233589820250408
0600022782101106659400000000000319806920250408
0600022784123005907690000000000252429920250408
0600022786135200095640000000000340686420250408
0600022788124601823390000000000309774720250408
0600022789103308501950000000000290671120250408
0600022796123205898770000000000303177620250408
0600022797119008900610000000000253658920250408
0600022798111017081650000000000311565020250408
0600022800187000485410000000000235785620250408
0600022926124703099500000000000063701420250408
0600022928101606255660000000000109503920250408
0600022931174000658380000000000087950320250408
0600023071124040973490000000000051530320250408
0600023083128000084420000000000045043220250408
0600023131135200129620000000000035745320250408
0600023261135200130130000000000303670020250408
0600023388123202783400000000000038206720250408
0600023459116401274170000000000085549320250408
0600023461123203379060000000000116648820250408
0600023462136001501120000000000097927620250408
0600023463101304307640000000000057856520250408
0600023464123202519560000000000077809520250408
0600023469123203035450000000000084707820250408
0600023522132000762670000000000273452920250408
0600023539135200169000000000000071902020250408
0600023540124801862960000000000076578320250408
0600023668135200193890000000000065986320250408
0600023669135200193630000000000115144220250408
0600023672133600469700000000000117655920250408
0600023673135200194280000000000119294920250408
0600023676135200195670000000000054714220250408
0600023677135200195960000000000038165120250408
0600023678128001438020000000000124377820250408
0600023697135200194020000000000071576820250408
0600023698103007947300000000000137998520250408
0600023725135200204750000000000125504620250408
0600023729135200204880000000000088112720250408
0600023732135200204200000000000146545020250408
0600023734128005506440000000000021545320250408
0600023745135200204040000000000225187220250408
0600023752135200207890000000000119948120250408
0600023774135200212960000000000090830020250408
0600023775135200214320000000000133399020250408
0600023776135200214580000000000060951320250408
0600023777124014126840000000000146545020250408
0600023780135200214450000000000050841820250408
0600023822132005416660000000000088777220250408
0600023862180001570630000000000311846420250408
0600023866124503827440000000000287629720250408
0600023867135200223210000000000264617320250408
0600023868135200223920000000000297386820250408
0600023869135200223890000000000372047320250408
0600023872135200223500000000000265090120250408
0600023875135200223630000000000291306420250408
0600023878135200223470000000000291397020250408
0600023879102202553500000000000250361320250408
0600023880112026297480000000000251010520250408
0600023938135200228840000000000297362020250408
0600023961124044176020000000000256805020250408
0600023963103108087490000000000252823120250408
0600023964101022532820000000000272612820250408
0600023967124503842470000000000311663920250408
0600023976135200235530000000000340686420250408
0600024038135200242480000000000063507820250408
0600024040196067928820000000000136870020250408
0600024041135200242640000000000082561820250408
0600024059112026576970000000000090428520250408
0600024083135200251790000000000022490420250408
0600024101196000024260000000000076391320250408
0600024102135200254250000000000126463020250408
0600024104196000096940000000000046789820250408
0600024106181000699860000000000075097620250408
0600024107102320589080000000000139870020250408
0600024108132400373290000000000089491120250408
0600024206196000641630000000000126273420250408
0600024207196000639850000000000083903620250408
0600024255196001060120000000000118268320250408
0600024256196001110010000000000102808520250408
0600024268196001186350000000000144847520250408
0600024269196001190960000000000117665920250408
0600024274196042800210000000000056977020250408
0600024338196001913760000000000124571220250408
0600024339133900012290000000000072172920250408
0600024340196002467350000000000105231420250408
0600024341196002464930000000000112490320250408
0600024344196002386260000000000123458120250408
0600024345196002412320000000000197215020250408
0600024458196002816210000000000094222920250408
0600024459196002820740000000000099028920250408
0600024460196002823090000000000139870020250408
0600024463196003012140000000000074158220250408
0600024465196002961890000000000071507720250408
0600024512124031732800000000000115532520250408
0600024513196003503610000000000110125220250408
0600024514124602441960000000000139620020250408
0600024516196003542930000000000197215020250408
0600024522196003479260000000000139870020250408
0600024524196003546790000000000080014220250408
0600024614196004390900000000000118027020250408
0600024617196004163130000000000139870020250408
0600024619196004377100000000000124550620250408
0600024703196004873440000000000062230320250408
0600024838196007038250000000000083677520250408
0600024839196007135680000000000087878120250408
0600024840196007058990000000000088310120250408
0600024842196007059940000000000075617620250408
0600024843196007059870000000000080267320250408
0600024844196007058180000000000043252020250408
0600024870196001954240000000000035430220250408
0600024950196008323690000000000278871320250408
0600024951196008242670000000000311541520250408
0600024952196008381800000000000301708720250408
0600024953196008321360000000000320912120250408
0600024954196008384240000000000303267420250408
0600024956196008215910000000000340686420250408
0600024958127400261810000000000340686420250408
0600024959196008279680000000000327079820250408
0600024960196028265310000000000319821720250408
0600024961196008236710000000000340686420250408
0600024966196008358730000000000340686420250408
0600024976196008675110000000000298232720250408
0600024977196008705610000000000315210020250408
0600024978196008670920000000000340436420250408
0600024982116207007110000000000277430920250408
0600025027196009194740000000000111577620250408
0600025028196009199440000000000118199120250408
0600025079196009809290000000000101539420250408
0600025080196009808880000000000114036520250408
0600025082196009482790000000000139870020250408
0600025097196010166530000000000047670020250408
0600025099196010109330000000000067145520250408
0600025143196009988300000000000049109120250408
0600025146196010698610000000000116267520250408
0600025218196011256560000000000139870020250408
0600025220103021805910000000000104390220250408
0600025221196011429190000000000098671420250408
0600025222196011497690000000000112627420250408
0600025295111203233500000000000081570120250408
0600025297196012149760000000000070166820250408
0600025311196012456510000000000067604320250408
0600025313128000417130000000000139370020250408
0600025316196012444860000000000119687020250408
0600025318128001610590000000000139370020250408
0600025415196012948830000000000070685420250408
0600025416196012992300000000000045654120250408
0600025417109206258830000000000140120020250408
0600025453103309240760000000000116509020250408
0600025462104503018640000000000139870020250408
0600025501196015354090000000000068409920250408
0600025502196015114920000000000029039820250408
0600025507102307019560000000000120065320250408
0600025509124035662790000000000139120020250408
0600025511128001653430000000000134870020250408
0600025513123203464630000000000034968120250408
0600025521196015310360000000000103852720250408
0600025522196015316660000000000138870020250408
0600025523196009059930000000000076331120250408
0600025579196015710800000000000083592220250408
0600025581196015707840000000000072510120250408
0600025630174001515770000000000108641820250408
0600025631196016010140000000000119671620250408
0600025632196016010570000000000070378120250408
0600025633196016026410000000000068419220250408
0600025634103309224630000000000072557220250408
0600025636196015996800000000000169890020250408
0600025637124503386910000000000100890320250408
0600025638103309393590000000000067870320250408
0600025639103020675170000000000048656520250408
0600025675196060539930000000000139620020250408
0600025731124009953190000000000193887320250408
0600025766196017015780000000000194040320250408
0600025767196017020380000000000166059520250408
0600025768196017024010000000000162143220250408
0600025815196017332400000000000101652520250408
0600025816196017323750000000000103174120250408
0600025819196012974150000000000134401820250408
0600025822196001408360000000000138870020250408
0600025825196017361250000000000048454020250408
0600025826167001668050000000000024259820250408
0600025843196017829980000000000139870020250408
0600025845124009911510000000000198916720250408
0600025846196017838960000000000139870020250408
0600025849196017799010000000000024579820250408
0600025850196000808820000000000099542020250408
0600025851196017339530000000000110754120250408
0600025852132005226850000000000053262520250408
0600025853196017799090000000000139870020250408
0600025855196017793190000000000095239420250408
0600025897196018197740000000000139870020250408
0600025898196018168620000000000139870020250408
0600025899196018199500000000000081528120250408
0600025998196018584730000000000112605420250408
0600025999103307925700000000000098208620250408
0600026004196018585330000000000095177920250408
0600026005196018942810000000000103329020250408
0600026006196000190720000000000041425620250408
0600026008196018906710000000000135393920250408
0600026018196018597210000000000057471020250408
0600026019107007955510000000000126636020250408
0600026020196015971970000000000139870020250408
0600026021196018583850000000000115190320250408
0600026022196018648460000000000099996320250408
0600026023196018581060000000000067161220250408
0600026026196018593810000000000121616820250408
0600026102196016659950000000000113769320250408
0600026108177001793840000000000139870020250408
0600026112196019266230000000000105821320250408
0600026119196019328640000000000058770020250408
0600026120127300268930000000000113873620250408
0600026122196019329700000000000077634320250408
0600026123196019267710000000000087460520250408
0600026124196019273340000000000086390120250408
0600026125196019272560000000000092853020250408
0600026126196019275430000000000065109120250408
0600026130196019247160000000000111699320250408
0600026131196019273890000000000112490320250408
0600026134158002976220000000000129743420250408
0600026135196019269810000000000098770820250408
0600026138101106613260000000000138870020250408
0600026151196019272990000000000089846020250408
0600026154158003121120000000000040958120250408
0600026155134200011190000000000109749620250408
0600026157124041656530000000000057625720250408
0600026159196019296780000000000061112820250408
0600026181124503792070000000000126950920250408
0600026182196019268190000000000084777920250408
0600026238196020494760000000000110940120250408
0600026241196003323510000000000053942820250408
0600026242196020497550000000000111319620250408
0600026245115400709620000000000113936120250408
0600026246196020496990000000000067172920250408
0600026247196020505440000000000067489120250408
0600026248196020493430000000000117205720250408
0600026249196020498880000000000092534620250408
0600026250124017498780000000000110296320250408
0600026252196019329970000000000139870020250408
0600026253196020497360000000000070546520250408
0600026289196020952620000000000139870020250408
0600026291196007452420000000000115532520250408
0600026294196020967410000000000132470420250408
0600026295196020969120000000000115380320250408
0600026296196020961420000000000116197120250408
0600026297196012828660000000000097391820250408
0600026298196006989880000000000069394220250408
0600026299196020966140000000000108448120250408
0600026300196020962880000000000139870020250408
0600026372196021148900000000000121703420250408
0600026373196021533740000000000093149720250408
0600026427196021816310000000000090498520250408
0600026430196021818430000000000134650920250408
0600026431196021819650000000000123395620250408
0600026432196021870560000000000055968820250408
0600026436196021817700000000000139870020250408
0600026438196021870630000000000070693520250408
0600026442196021817070000000000106263520250408
0600026443196021871760000000000073444720250408
0600026444196021819400000000000106054320250408
0600026446196021816450000000000073317920250408
0600026449196007062210000000000095639120250408
0600026486196022307630000000000139370020250408
0600026487196022251850000000000037573120250408
0600026490196022308470000000000097326320250408
0600026551196022676880000000000136901420250408
0600026552196022676820000000000115228220250408
0600026554196022627090000000000136762520250408
0600026555196022679080000000000139870020250408
0600026556196022670910000000000109448120250408
0600026558196022698680000000000139870020250408
0600026598196011635210000000000085061820250408
0600026599196022978410000000000050554520250408
0600026601196022938150000000000139870020250408
0600026602121010896770000000000139870020250408
0600026603132400278760000000000097526320250408
0600026604111302216560000000000113162220250408
0600026605123104903350000000000091774620250408
0600026607196023366420000000000082621320250408
0600026611196022960470000000000062957920250408
0600026613196022983000000000000111250320250408
0600026614196022937740000000000117990520250408
0600026615196022740220000000000121700920250408
0600026617196022976460000000000111699320250408
0600026687196022981650000000000098232120250408
0600026688196011652350000000000139870020250408
0600026695196022992850000000000096337420250408
0600026697196022986560000000000112200720250408
0600026698196018149210000000000138370020250408
0600026753196024477620000000000068970820250408
0600026754196024472790000000000085268320250408
0600026755196007901920000000000066216920250408
0600026757196012191540000000000059631620250408
0600026758196024473250000000000155445020250408
0600026761196023947680000000000109896620250408
0600026762196018258180000000000060442120250408
0600026766196014485230000000000139870020250408
0600026768196024477420000000000124470020250408
0600026792196004940180000000000074401120250408
0600026794196017840000000000000097205520250408
0600026795196024819200000000000061115520250408
0600026839196025250350000000000144245020250408
0600026840196025252010000000000124002520250408
0600026841196025304410000000000118386420250408
0600026844128003833740000000000103580820250408
0600026845125400836900000000000094082720250408
0600026873196025631550000000000081364920250408
0600026874196025634070000000000134095420250408
0600026877196011238090000000000140922620250408
0600026878109206357470000000000144245020250408
0600026879196025647050000000000089802820250408
0600026882109103611210000000000122292820250408
0600026989196030203450000000003134614020250408
0600027137196031200500000000000139870020250408
0600027138196031200900000000000114814620250408
0600027140196031200420000000000048015120250408
0600027142196031201580000000000139620020250408
0600027143196031120010000000000701130520250408
0600027153196030986060000000000990970020250408
0600027154196030986850000000000897029920250408
0600027155196030986040000000000990970020250408
0600027227196031586690000000000045509220250408
0600027230196031633710000000000141072820250408
0600027234196001569790000000000104488920250408
0600027236196031586900000000000086123420250408
0600027297182001349890000000000154801720250408
0600027299196031891410000000000224154420250408
0600027301196004684000000000000076271320250408
0600027302196031864710000000000112924920250408
0600027304196031962080000000000118042620250408
0600027305196014319650000000000151870020250408
0600027352196001352820000000000135790020250408
0600027354196006628880000000000120725220250408
0600027355196032400470000000000140551920250408
0600027356196032399560000000000170722720250408
0600027357196032443460000000000030059720250408
0600027358196006159850000000000100944820250408
0600027359195000409210000000000254390020250408
0600027360196032400050000000000215066320250408
0600027362116206011790000000000171640020250408
0600027363196032286640000000000320187520250408
0600027494196033450320000000000168906420250408
0600027495124900117560000000000191490020250408
0600027496123204124360000000000139870020250408
0600027497104010526040000000000120368920250408
0600027498196033405980000000000196470020250408
0600027500196004168040000000000042367220250408
0600027501136001300800000000000123848220250408
0600027545196033980730000000000098269620250408
0600027546196033981280000000000159518920250408
0600027547196033983020000000000127112220250408
0600027548196033984500000000000051789520250408
0600027550196033983670000000000114706620250408
0600027569196034241750000000000139870020250408
0600027570196034243160000000000070644420250408
0600027571196034241610000000000090055720250408
0600027574196032815630000000000172390020250408
0600027575196034243340000000000111175820250408
0600027603196034474440000000000139370020250408
0600027604196034474240000000000129710720250408
0600027609121010594320000000000139620020250408
0600027670196034954380000000000171890020250408
0600027671196017550510000000000112759120250408
0600027673196034953080000000000114550220250408
0600027675196071827460000000000275374920250408
0600027676196034953890000000000172390020250408
0600027677196034950920000000000144245020250408
0600027679196034954960000000000141123920250408
0600027735196035128270000000000123558120250408
0600027736196035129470000000000135509720250408
0600027737196031288650000000000144245020250408
0600027738196035127810000000000069727620250408
0600027741196035162390000000000084988020250408
0600027743196035162030000000000098654520250408
0600027745196035162230000000000072707420250408
0600027769196035392750000000000171890020250408
0600027770196035464460000000000103475220250408
0600027771196035393460000000000092168320250408
0600027773103017477860000000000171890020250408
0600027774196035391950000000000147802320250408
0600027775196015818700000000000110696420250408
0600027777196035393570000000000149229720250408
0600027778196035391500000000000254140020250408
0600027779196035392570000000000119435320250408
0600027780196035421690000000000171640020250408
0600027782196035421270000000000139870020250408
0600027831196035836600000000000108525720250408
0600027832196035835930000000000109152320250408
0600027833196035833990000000000090712620250408
0600027834196035835720000000000047671120250408
0600027836116901405330000000000121967720250408
0600027837196035833250000000000050579820250408
0600027838196035834480000000000110197520250408
0600027840196035834020000000000144245020250408
0600027909196036432350000000000235749320250408
0600027910196036432990000000000212545020250408
0600027911196036431900000000000190760020250408
0600027912196036431680000000000259578120250408
0600027913196036432400000000000319672320250408
0600027914196036434060000000000213295020250408
0600027917196036434190000000000196867220250408
0600027920196036434460000000000192907520250408
0600027921196036433390000000000195041820250408
0600027964196036836650000000000071694620250408
0600027966196036834570000000000139870020250408
0600027967196036833750000000000123442220250408
0600027969196036833440000000000116567720250408
0600027970196036833570000000000104770220250408
0600027971196036836450000000000031067020250408
0600028033196037182950000000000159590020250408
0600028034196037185590000000000079210220250408
0600028035196030118510000000000120544120250408
0600028036196037183080000000000172390020250408
0600028037196037182260000000000157590020250408
0600028038196037183340000000000054259120250408
0600028039196037163270000000000139870020250408
0600028040196037184030000000000119900820250408
0600028041196037185750000000000139870020250408
0600028042196037184020000000000119172320250408
0600028052196037226750000000000232367420250408
0600028094196037622240000000000311022220250408
0600028095196037621980000000000311022220250408
0600028096196005760100000000000270974520250408
0600028098196037623510000000000244717920250408
0600028101196037620780000000000236411720250408
0600028206196038250630000000000212545020250408
0600028207196038248850000000000253278020250408
0600028208196038251300000000000251868720250408
0600028210196038247420000000000272570820250408
0600028281196038757780000000000139870020250408
0600028284196038780080000000000121974920250408
0600028285196038779760000000000139870020250408
0600028286196038759420000000000134650920250408
0600028287196038779450000000000139870020250408
0600028288196038775440000000000139870020250408
0600028289196038757610000000000086844820250408
0600028290196038780000000000000091503120250408
0600028293196038757980000000000126539620250408
0600028294196038779340000000000139870020250408
0600028295196038779580000000000119913220250408
0600028296196038780140000000000124500720250408
0600028297196038758590000000000122539320250408
0600028298196038758810000000000099394120250408
0600028299196038780250000000000089016920250408
0600028300196038780730000000000081598220250408
0600028301196038775080000000000088220820250408
0600028409196039636820000000000102320320250408
0600028410196039636980000000000101389720250408
0600028412196039637710000000000134650920250408
0600028413196039637690000000000134650920250408
0600028414196039638630000000000139870020250408
0600028416196039637230000000000139870020250408
0600028417196039638330000000000139870020250408
0600028419196039637810000000000091342320250408
0600028519196040151490000000000120065720250408
0600028520196040152400000000000110004320250408
0600028521196040159040000000000072272420250408
0600028523196040159740000000000106674120250408
0600028524196040158610000000000123746420250408
0600028525196040151370000000000096877220250408
0600028526196040157080000000000139870020250408
0600028542101017617880000000000276070020250408
0600028543196040287550000000000071224120250408
0600028544196040287640000000000034413920250408
0600028546112104454870000000000153470020250408
0600028574196040153480000000000117709620250408
0600028576196040528410000000000138370020250408
0600028578196040526760000000000120095720250408
0600028582116900527600000000000029768020250408
0600028583196040522040000000000103572320250408
0600028584196040527050000000000139120020250408
0600028585196020789860000000000139870020250408
0600028586196013405780000000000139870020250408
0600028587196040528330000000000138620020250408
0600028590196035761260000000000130850120250408
0600028591196028830680000000000123229220250408
0600028592196040522660000000000110534720250408
0600028593196040521920000000000139870020250408
0600028594196040521930000000000126855820250408
0600028595196040522800000000000106618520250408
0600028644196039074830000000000139870020250408
0600028645196040887070000000000095541320250408
0600028646196040887480000000000091925220250408
0600028647196040886240000000000212152320250408
0600028648196040886540000000000115584120250408
0600028650196040885190000000000123746420250408
0600028651196040885470000000000061153120250408
0600028654196021616100000000000120228920250408
0600028655196040885300000000000139870020250408
0600028668196040940280000000000205943320250408
0600028694196041331040000000000171715020250408
0600028696196041333420000000000116397720250408
0600028697196041333150000000000083860320250408
0600028762196041671160000000000029730920250408
0600028763196041664300000000000129955720250408
0600028765196041664460000000000029750420250408
0600028766196041663620000000000116714120250408
0600028820196039588030000000000065020220250408
0600028862196042441370000000000069139420250408
0600028863196042440420000000000116540320250408
0600028864196023534150000000000139370020250408
0600028924196014925540000000000144769620250408
0600028926196042784030000000000136870020250408
0600028927196042784960000000000133650920250408
0600028929101202558840000000000098800220250408
0600028931196042783320000000000133753920250408
0600028951196043900380000000000074698620250408
0600028952196043898470000000000138870020250408
0600028953196039149200000000000139870020250408
0600029021196044249560000000000118407720250408
0600029022196044294020000000000047476720250408
0600029023196044294690000000000113229220250408
0600029057196044744000000000000134962420250408
0600029058158004547080000000000070602620250408
0600029059196044743700000000000129720420250408
0600029060196044743740000000000096605220250408
0600029100196045084270000000000089794820250408
0600029101196045084570000000000134304120250408
0600029102196045085550000000000139870020250408
0600029103196045295120000000000093164020250408
0600029104196045085320000000000094920520250408
0600029105196035320420000000000140120020250408
0600029155196046030640000000000126744520250408
0600029156196046031360000000000050942520250408
0600029159196046029350000000000129610220250408
0600029160196032251680000000000109748620250408
0600029162196024526580000000000111439120250408
0600029227196035937610000000000139610720250408
0600029228196046651230000000000177258420250408
0600029231196046664090000000000124618020250408
0600029232196046657920000000000196217520250408
0600029233196046657820000000000166759520250408
0600029234196046673970000000000204163720250408
0600029285196047306350000000000144245020250408
0600029287196047229700000000000107524420250408
0600029288196047259710000000000213295020250408
0600029328196047497540000000000125389320250408
0600029329196047515220000000000127992120250408
0600029330196047498590000000000139870020250408
0600029331196047500180000000000103771120250408
0600029334196047499240000000000251717720250408
0600029403196048406020000000000479629320250408
0600029405196048406230000000000253168720250408
0600029406196035933020000000000275820820250408
0600029407196048406880000000000205582120250408
0600029410196048406000000000000260800920250408
0600029412196048406280000000000258493720250408
0600029413196048407520000000000274820820250408
0600029414196048407320000000000222164020250408
0600029415196048407120000000000275820820250408
0600029416196048406520000000000222034620250408
0600029419196048409810000000000224776520250408
0600029468196048899790000000000233519720250408
0600029470196038589890000000000239443420250408
0600029473196048900540000000000260183920250408
0600029475196048936890000000000275820820250408
0600029476196048900430000000000213719220250408
0600029477196048900650000000000260183920250408
0600029499196049263190000000000077015120250408
0600029500196049262140000000000139870020250408
0600029523196049703640000000000127637520250408
0600029526196049704720000000000139870020250408
0600029561196050120030000000000139870020250408
0600029562196050121880000000000133650920250408
0600029565196050123010000000000134650920250408
0600029566196050119590000000000135935420250408
0600029569196050120870000000000101621920250408
0600029570196050120490000000000111982420250408
0600029630196050449060000000000122141820250408
0600029631196050449660000000000137243120250408
0600029633196050446660000000000106929220250408
0600029634196050447850000000000084756520250408
0600029708196051113590000000000134650920250408
0600029709196007611050000000000124579420250408
0600029712196051117760000000000114007120250408
0600029759196018169700000000000098489720250408
0600029793196051688960000000000076869720250408
0600029795196051690140000000000023285620250408
0600029797196051690990000000000073133520250408
0600029798196051690490000000000112490620250408
0600029864196052072800000000000119135720250408
0600029866196052072840000000000090625920250408
0600029879196052313530000000000062036920250408
0600029880196052297400000000000111143220250408
0600029881196052296180000000000124354820250408
0600029884196052298070000000000139870020250408
0600029885196052312370000000000080377020250408
0600029886196052298340000000000161140020250408
0600029887196052298300000000000046753420250408
0600029888196052296570000000000139870020250408
0600029889196052296950000000000139870020250408
0600029890196052314640000000000098021520250408
0600029891196052297220000000000139870020250408
0600029892196052293720000000000064427220250408
0600029893196051657740000000000134641620250408
0600029895196052311430000000000126059320250408
0600029896196052296530000000000101689220250408
0600029897196052312620000000000134650920250408
0600029972196052911250000000000139870020250408
0600029974196052897990000000000100403420250408
0600029976196052894680000000000119488920250408
0600029977196052898320000000000117222220250408
0600029979196052896910000000000139870020250408
0600029980196052896320000000000139870020250408
0600029981196052895870000000000077702720250408
0600029982196052897120000000000095018020250408
0600029983196052897750000000000159415020250408
0600030035196053306940000000000139870020250408
0600030036196053327500000000000124357820250408
0600030037196053305960000000000139870020250408
0600030060196053671020000000000106777220250408
0600030061196053681780000000000139870020250408
0600030064196053681340000000000091318320250408
0600030065116901528800000000000139870020250408
0600030066196053680370000000000102823120250408
0600030067196035671390000000000082007820250408
0600030068196010681900000000000089870020250408
0600030069196053681950000000000134650920250408
0600030071196053681680000000000139870020250408
0600030125196053829530000000000087630820250408
0600030126196053840250000000000139870020250408
0600030127196053983180000000000139870020250408
0600030128196053836550000000000120347920250408
0600030129196053829970000000000061367720250408
0600030130196053830720000000000114263420250408
0600030131196053894850000000000119125220250408
0600030132196053832940000000000121875820250408
0600030134196053975350000000000139870020250408
0600030135196053842730000000000066684520250408
0600030136196053708240000000000139870020250408
0600030138196053877820000000000093710820250408
0600030140196053887710000000000121354720250408
0600030142196053836510000000000125663420250408
0600030143196053952310000000000126485220250408
0600030144196053970860000000000174565020250408
0600030151196055455560000000000139870020250408
0600030209196044431160000000000128857920250408
0600030210196055483810000000000121875820250408
0600030211196055464610000000000112648920250408
0600030212196055455280000000000039230820250408
0600030213196055454510000000000139870020250408
0600030216196055454490000000000129687020250408
0600030217196055455080000000000060292720250408
0600030218196055454310000000000139870020250408
0600030220196055454040000000000122400520250408
0600030243196055838540000000000067010320250408
0600030244196055881770000000000119393920250408
0600030245196055801240000000000130465320250408
0600030247196055836460000000000117292520250408
0600030248196055798660000000000139870020250408
0600030249196055838700000000000114598920250408
0600030250196055837470000000000105764120250408
0600030375196056472010000000000143495020250408
0600030376196056472020000000000122971120250408
0600030377196056500530000000000830710020250408
0600030378196056475210000000000159415020250408
0600030379196056473550000000000144245020250408
0600030475196057220930000000000144245020250408
0600030477196057221210000000000128522420250408
0600030478196057223800000000000029856120250408
0600030536196057659450000000000209245020250408
0600030537196057642510000000000148963320250408
0600030538196057645150000000000179201820250408
0600030539196057644050000000000193511220250408
0600030543196057632410000000000195948820250408
0600030544196058142580000000000204398720250408
0600030545196057640310000000000195505620250408
0600030547196057662300000000000209245020250408
0600030548196057647250000000000190073520250408
0600030549196057641070000000000189239020250408
0600030550196057645910000000000204175020250408
0600030552196057662610000000000190708820250408
0600030553196057531790000000000195948820250408
0600030561196058006230000000000209245020250408
0600030562196058006190000000000204212220250408
0600030563196058003380000000000164300420250408
0600030564196058016220000000000145562920250408
0600030582196047440950000000000139059920250408
0600030583196058007160000000000197423720250408
0600030622196058161880000000000134587220250408
0600030623196005307890000000000109940020250408
0600030624196058169750000000000139620020250408
0600030625196058170040000000000139620020250408
0600030626196058179550000000000120638320250408
0600030627196058170620000000000122653220250408
0600030628196058174350000000000139620020250408
0600030629196058180720000000000122630620250408
0600030630196058168000000000000139620020250408
0600030632196058173530000000000139620020250408
0600030633196034935280000000000139620020250408
0600030634196050884030000000000139620020250408
0600030636196058167960000000000139370020250408
0600030637196058181310000000000134587220250408
0600030638196054573090000000000139620020250408
0600030640196058162220000000000139620020250408
0600030642196058180230000000000102778020250408
0600030644196058164530000000000130594120250408
0600030645196058163060000000000123712620250408
0600030646196058161870000000000105113320250408
0600030647196057798290000000000139620020250408
0600030648196058180990000000000134550020250408
0600030649196058165920000000000139620020250408
0600030650196058177980000000000139620020250408
0600030652196058171050000000000133550020250408
0600030653196058179830000000000065511220250408
0600030654179001485510000000000121509920250408
0600030656196058179080000000000122201920250408
0600030658196041137580000000000123961820250408
0600030659196058178400000000000104827220250408
0600030660196058178930000000000139620020250408
0600030661196058173000000000000139870020250408
0600030663196058171840000000000139620020250408
0600030701196058793420000000000139620020250408
0600030703196058758180000000000029696120250408
0600030705196058762360000000000100272820250408
0600030706196058859970000000000129902420250408
0600030708196058758170000000000072764420250408
0600030709196058761930000000000109968420250408
0600030803196059289690000000000261812820250408
0600030804196059271770000000000267544720250408
0600030805196059295550000000000275374920250408
0600030806196059340370000000000275374920250408
0600030807196056469760000000000275374920250408
0600030808196059356080000000000275374920250408
0600030841196059770440000000000249659020250408
0600030843196059770600000000000262640620250408
0600030844196059747060000000000242180620250408
0600030845196059692530000000000258506220250408
0600030846196052437690000000000275374920250408
0600030847196059690100000000000262324520250408
0600030848196059649020000000000275374920250408
0600030849196059682980000000000227825620250408
0600030921196060123080000000000123030120250408
0600030922123401646290000000000119677920250408
0600030923196060193190000000000095158520250408
0600030924196060178190000000000138120020250408
0600030925196060130870000000000484860020250408
0600030926123201891830000000000147565020250408
0600030927196060211140000000000139020020250408
0600030928196060207080000000000116498220250408
0600030929196060212140000000000114899020250408
0600030930196060336980000000000115288920250408
0600030931196060112150000000000080544620250408
0600030932196060334860000000000149411720250408
0600030933101309609880000000000031554720250408
0600030935196060125370000000000254924020250408
0600031000196060647590000000000139620020250408
0600031002196060572280000000000139620020250408
0600031003196060631560000000000376165020250408
0600031004196060648080000000000139620020250408
0600031082196061085250000000000091028820250408
0600031083196008612510000000000139620020250408
0600031084196024968620000000000139620020250408
0600031085196060995270000000000113322920250408
0600031086196060996520000000000139620020250408
0600031087103205691720000000000139620020250408
0600031088196061026700000000000139620020250408
0600031089196061026110000000000139620020250408
0600031090196061035940000000000136299020250408
0600031091101606406930000000000156190020250408
0600031156196061469530000000000139620020250408
0600031157196061419910000000000118481920250408
0600031158134700376040000000000106793120250408
0600031159196061430520000000000124061020250408
0600031160196061418750000000000139620020250408
0600031161196061480640000000000108176520250408
0600031162196061475360000000000121509920250408
0600031165196054151340000000000139620020250408
0600031166196061455390000000000139620020250408
0600031217196062203830000000000156190020250408
0600031218196062235320000000000097777920250408
0600031219196062263740000000000139620020250408
0600031220196055860540000000000139620020250408
0600031222196063260580000000000111971420250408
0600031223196062263930000000000120685420250408
0600031224196024610400000000000084434520250408
0600031287196063261170000000000122680620250408
0600031289196047116120000000000126569620250408
0600031290196062829200000000000139620020250408
0600031291196051917550000000000089427220250408
0600031384196062992060000000000118726620250408
0600031385196062986160000000000139620020250408
0600031386196062992150000000000139620020250408
0600031467196048803260000000000134960120250408
0600031468196033083430000000000139620020250408
0600031469196063505220000000000031349820250408
0600031470196063497320000000000114653020250408
0600031471196063582300000000000074232520250408
0600031472196063261120000000000114415920250408
0600031474196063685110000000000087292620250408
0600031475196063715000000000000134960120250408
0600031476196063719370000000000126569620250408
0600031477196063654920000000000139620020250408
0600031478196063699330000000000139620020250408
0600031479196056336580000000000024945020250408
0600031480196063702100000000000121568220250408
0600031481196063841640000000000139620020250408
0600031482196063672250000000000100517820250408
0600031483196063697370000000000127252720250408
0600031484196063712020000000000139620020250408
0600031485196063817320000000000135253020250408
0600031486196063840090000000000110489020250408
0600031487196063693000000000000131215320250408
0600031488196063717580000000000121512920250408
0600031592196049120770000000000125703320250408
0600031593196064348440000000000123106920250408
0600031595196064350650000000000111801020250408
0600031596196064326380000000000133710120250408
0600031597196064279130000000000123708920250408
0600031598196053693700000000000139620020250408
0600031599196064323320000000000134960120250408
0600031600196064593050000000000139620020250408
0600031601196064280320000000000139620020250408
0600031602196064353320000000000139620020250408
0600031693196064670650000000000128172320250408
0600031694196042674230000000000108448820250408
0600031695196064684210000000000054101620250408
0600031696196064663180000000000125183720250408
0600031697196064665080000000000139620020250408
0600031698196064666110000000000139620020250408
0600031700196064675820000000000139620020250408
0600031701196064666680000000000139620020250408
0600031702196064664390000000000044851820250408
0600031739196064939420000000000139620020250408
0600031741196044703790000000000135253020250408
0600031742196064910850000000000139620020250408
0600031748196064910870000000000139620020250408
0600031755196064925440000000000138370020250408
0600031756196064915390000000000139120020250408
0600031757196064914740000000000114573020250408
0600031758196065273870000000000139620020250408
0600031759196064908490000000000139620020250408
0600031760196064913010000000000139620020250408
0600031761196064910080000000000139620020250408
0600031762196064927260000000000126576120250408
0600031763196064914800000000000139620020250408
0600031764196064960720000000000116140420250408
0600031765196064913460000000000125880620250408
0600031766196064967560000000000135352520250408
0600031767196064915650000000000139620020250408
0600031770196064914650000000000114013920250408
0600031771196064911490000000000112827920250408
0600031774196064916850000000000124398920250408
0600031775196065170980000000000139620020250408
0600031776196065003280000000000139620020250408
0600031777196031630200000000000128724420250408
0600031778196064916310000000000139620020250408
0600031780196065487430000000000139620020250408
0600031781196047611490000000000139620020250408
0600031783196034976840000000000128135620250408
0600031784196064907670000000000135519220250408
0600031786196064964060000000000117728520250408
0600031787196064918970000000000138870020250408
0600031788196064967730000000000139620020250408
0600031836196066766220000000000139370020250408
0600031837196066743680000000000139620020250408
0600031838196066744270000000000139620020250408
0600031839196066718270000000000139620020250408
0600031840196066717230000000000043714720250408
0600031841101202351760000000000139870020250408
0600031925196067690580000000000139620020250408
0600031926196067674160000000000081525120250408
0600031927196067662400000000000139620020250408
0600031928196067664760000000000138620020250408
0600031929196067697250000000000138620020250408
0600031930196067698570000000000139620020250408
0600031931196067667100000000000139620020250408
0600031932196067693490000000000139370020250408
0600031933196067666000000000000139620020250408
0600031934196067640920000000000098135420250408
0600031935196067715730000000000128943820250408
0600031936196067693390000000000078650920250408
0600031938196051690950000000000139620020250408
0600031939196067648770000000000138120020250408
0600031940196067522300000000000139620020250408
0600031941196067713580000000000101816020250408
0600031942196067715480000000000121512820250408
0600031943196067672830000000000138620020250408
0600031944196067674560000000000149219720250408
0600031945196067625670000000000139620020250408
0600031946196067538490000000000139620020250408
0600031947196067610200000000000139620020250408
0600031948196067523450000000000133270820250408
0600032004196068267000000000000063654520250408
0600032005196068161890000000000123299720250408
0600032006196068156180000000000139620020250408
0600032007196068169650000000000139620020250408
0600032009196068172040000000000139286720250408
0600032010196068165410000000000057353520250408
0600032011196054938800000000000139620020250408
0600032014196068148820000000000139620020250408
0600032015196068152150000000000139620020250408
0600032016196068154410000000000139620020250408
0600032017196068488860000000000118969520250408
0600032018196068156130000000000109083720250408
0600032019196068155770000000000139620020250408
0600032020196048367380000000000086069220250408
0600032021196068149540000000000139620020250408
0600032057196069256270000000000139620020250408
0600032058196068826590000000000139620020250408
0600032059196068762690000000000139620020250408
0600032060196068821480000000000139620020250408
0600032062196068733460000000000139620020250408
0600032064196068706910000000000117082620250408
0600032065196068811200000000000139620020250408
0600032066196069260550000000000123158920250408
0600032067196068825690000000000147565020250408
0600032068196068775610000000000114600420250408
0600032069196068677940000000000139620020250408
0600032070196068717020000000000139620020250408
0600032071196068806830000000000139620020250408
0600032097196069258880000000000139120020250408
0600032098196069034520000000000125703320250408
0600032099196069068400000000000139620020250408
0600032100196069041700000000000139620020250408
0600032101196068921870000000000129958120250408
0600032102196068936120000000000139620020250408
0600032103196069063190000000000139620020250408
0600032104196068940620000000000134700020250408
0600032105196068979100000000000135483120250408
0600032106196069019800000000000127545720250408
0600032165196069576280000000000203120020250408
0600032166196069653190000000000204620020250408
0600032168196069594750000000000204620020250408
0600032169196069574570000000000204620020250408
0600032170196069615510000000000204620020250408
0600032171196069654180000000000187674820250408
0600032172196069662520000000000204620020250408
0600032173196069599500000000000204620020250408
0600032243196070153410000000000203620020250408
0600032244196070146250000000000204620020250408
0600032245196070272510000000000204620020250408
0600032246196070189810000000000204620020250408
0600032247196070161950000000000238256820250408
0600032248196070279350000000000187674820250408
0600032249196070273540000000000204620020250408
0600032250196070165740000000000204620020250408
0600032251196070173590000000000204620020250408
0600032252196070190650000000000204620020250408
0600032254196070425870000000000199851420250408
0600032255196070172910000000000204620020250408
0600032256196070360890000000000204620020250408
0600032257196070178450000000000173730920250408
0600032258196070178370000000000204620020250408
0600032308196070873460000000000139620020250408
0600032309196070875650000000000112432420250408
0600032310196070875220000000000139620020250408
0600032311196070865850000000000122674820250408
0600032312196071047690000000000139620020250408
0600032313196070927270000000000139620020250408
0600032314196070873150000000000137120020250408
0600032315196070867390000000000139620020250408
0600032316196070888090000000000139620020250408
0600032317196070789370000000000139620020250408
0600032318196070877020000000000139620020250408
0600032319196070895350000000000139620020250408
0600032320196070910980000000000139620020250408
0600032374196071416080000000000139620020250408
0600032375196071384330000000000139620020250408
0600032377196070917270000000000139620020250408
0600032378196071390190000000000136620020250408
0600032379196071391530000000000135601220250408
0600032380196071429000000000000139620020250408
0600032382196071417790000000000139620020250408
0600032383196071385960000000000139620020250408
0600032384196071378420000000000139620020250408
0600032416196071913900000000000275374920250408
0600032417196071939970000000000248304620250408
0600032418196071829800000000000238542120250408
0600032419196071835220000000000275374920250408
0600032420196072072570000000000275374920250408
0600032421196071850860000000000275374920250408
0600032422196071808190000000000275374920250408
0600032423196071918630000000000261952420250408
0600032485196072279940000000000252774220250408
0600032486196072259160000000000275374920250408
0600032487196072233290000000000272374920250408
0600032488196072293310000000000275374920250408
0600032489196072255760000000000273874920250408
0600032490196072322760000000000275374920250408
0600032491196072296790000000000275374920250408
0600032492196072425210000000000275374920250408
0600032493196072255450000000000275374920250408
0600032542196072841670000000000126063920250408
0600032543196072861720000000000139620020250408
0600032544196072862520000000000139620020250408
0600032546196072870890000000000122674820250408
0600032547196048395040000000000139620020250408
0600032548196072863120000000000120098820250408
0600032590196073413060000000000130234120250408
0600032591196073365050000000000139620020250408
0600032592196073369660000000000138120020250408
0600032593196073411380000000000139620020250408
0600032594196073373110000000000139620020250408
0600032595196073368090000000000139620020250408
0600032654196073962380000000000139620020250408
0600032655196046504320000000000139620020250408
0600032656196073934710000000000139590020250408
0600032657196074180400000000000139620020250408
0600032658196073926170000000000139620020250408
0600032659196074129830000000000215715020250408
0600032660196074047670000000000139620020250408
0600032661196073911720000000000139620020250408
0600032662196073977820000000000139620020250408
0600032663196074128870000000000139620020250408
0600032664196073953310000000000139620020250408
0600032665196073954780000000000139620020250408
0600032752196074639740000000000139620020250408
0600032753196074752820000000000125870020250408
0600032754196074761790000000000139620020250408
0600032755196074759010000000000139620020250408
0600032756196074547270000000000139620020250408
0600032757196074752830000000000139620020250408
0600032758196074580210000000000139620020250408
0600032759196074647220000000000139620020250408
0600032760196074636760000000000132976220250408
0600032761196074752250000000000139620020250408
0600032762196074602800000000000139620020250408
0600032763196074623720000000000139590020250408
0600032764196074640340000000000139620020250408
0600032765196074757380000000000139620020250408
0600032766196074644800000000000139620020250408
0600032816196075258350000000000139620020250408
0600032817196075282760000000000139620020250408
0600032818196075251430000000000139590020250408
0600032819196075293190000000000139620020250408
0600032820196075325450000000000139620020250408
0600032821196050440880000000000139620020250408
0600032822196075250280000000000139620020250408
0600032823196041816110000000000139620020250408
0600032824196075286030000000000139620020250408
0600032825196075284330000000000139370020250408
0600032826196075221260000000000131438520250408
0600032827196075281360000000000139620020250408
0600032828196067832720000000000139620020250408
0600032829196072226900000000000139620020250408
0600032830196001239360000000000139620020250408
0600032831196075261650000000000139620020250408
0600032832196075281800000000000139620020250408
0600032833196075276610000000000139620020250408
0600032834196060650990000000000139620020250408
0600032835196066593850000000000108478320250408
0600032915196075818280000000000139620020250408
0600032916196075876020000000000139620020250408
0600032918196075960940000000000139620020250408
0600032919196075864050000000000139590020250408
0600032920196075815850000000000139620020250408
0600032921196075859460000000000070830620250408
0600032922196075823890000000000139620020250408
0600032923196075774410000000000139620020250408
0600032924196075909780000000000139620020250408
0600032925196075797320000000000139620020250408
0600032926196075968500000000000139620020250408
0600032927196075814760000000000139620020250408
0600032928196075798920000000000138120020250408
0600032929196075770110000000000139620020250408
0600032930196075851510000000000139620020250408
0600032931196075806420000000000139620020250408
0600032932196063618880000000000139590020250408
0600033007196076548310000000000139620020250408
0600033008196076425810000000000139620020250408
0600033009196076401880000000000138840020250408
0600033010196076550590000000000139620020250408
0600033011196076412400000000000139620020250408
0600033012196076496690000000000139620020250408
0600033013196076413100000000000139620020250408
0600033014196038289770000000000139620020250408
0600033015196066942720000000000139620020250408
0600033016196076463710000000000139620020250408
0600033083196077205480000000000138590020250408
0600033084196077213170000000000139590020250408
0600033085196077164940000000000139620020250408
0600033086196077205680000000000139620020250408
0600033087196077132770000000000139620020250408
0600033088196077185300000000000107032420250408
0600033089196077254870000000000139620020250408
0600033090196077201220000000000126063920250408
0600033091196077168400000000000139620020250408
0600033092196062052110000000000139620020250408
0600033093196077176740000000000139620020250408
0600033094196077208640000000000126063920250408
0600033095196077256400000000000139620020250408
0600033150196077648370000000000139620020250408
0600033151196077614460000000000112916020250408
0600033152196077599200000000000139620020250408
0600033153196077675340000000000139620020250408
0600033154196077574200000000000139620020250408
0600033155196077606990000000000139620020250408
0600033156196077677290000000000139620020250408
0600033157196077574580000000000139620020250408
0600033158196077594830000000000139620020250408
0600033159196077599570000000000139620020250408
0600033160196077565360000000000139620020250408
0600033161196077565290000000000139620020250408
0600033162196077594230000000000139620020250408
0600033163196077616640000000000139620020250408
0600033164196077577760000000000139620020250408
0600033165196077619680000000000125870020250408
0600033166196077581230000000000122753320250408
0600033167196077593900000000000139620020250408
0600033168196077611800000000000139620020250408
0600033169196048273400000000000139620020250408
0600033170196077647440000000000139620020250408
0600033171196077582410000000000139620020250408
0600033172196077581490000000000135120020250408
0600033311196079967430000000000139590020250408
0600033312196079967320000000000139620020250408
0600033313196080184130000000000139620020250408
0600033314196079959550000000000139620020250408
0600033315196080199970000000000139620020250408
0600033316196080028650000000000139620020250408
0600033317196079939710000000000139370020250408
0600033318196080029120000000000139620020250408
0600033319196079979870000000000139620020250408
0600033320196080047310000000000139620020250408
0600033321196080051500000000000139620020250408
0600033322196079988840000000000139620020250408
0600033323196080197790000000000139620020250408
0600033324196005768880000000000139620020250408
0600033325196080148460000000000139620020250408
0600033326196080177720000000000139620020250408
0600033327196080096770000000000215715020250408
0600033358196080878330000000000139620020250408
0600033359196080795420000000000139620020250408
0600033360196080791280000000000139620020250408
0600033361196080833400000000000139620020250408
0600033362196080830470000000000139620020250408
0600033363196080766300000000000139590020250408
0600033365196080817690000000000139620020250408
0600033366196080790430000000000139620020250408
0600033367196080817980000000000138120020250408
0600033368196080745880000000000139620020250408
0600033369196080785940000000000139620020250408
0600033370196039643780000000000139620020250408
0600033371196080858590000000000139620020250408
0600033372196049118860000000000139620020250408
0600033373196080791150000000000139620020250408
0600033374196080792300000000000139620020250408
0600033375196080787970000000000139620020250408
0600033376196080785840000000000139620020250408
0600033377196080790230000000000139620020250408
0600033378196080809310000000000139620020250408
0600033379196080768660000000000139620020250408
0600033437196081337200000000000233370020250408
0600033438196081368060000000000233370020250408
0600033439196081337070000000000233370020250408
0600033440196081363560000000000233370020250408
0600033441196077052740000000000233370020250408
0600033442196081362880000000000233370020250408
0600033443196081387670000000000233370020250408
0600033444196081369130000000000233370020250408
0600033445196081363010000000000233370020250408
0600033446196081358610000000000233370020250408
0600033447196081382720000000000233370020250408